date,memoryUtilization,cpuUserUtilization,cpuWaitIO,cpuIdle,diskSdaUtilization,networkUtilization
0;0.8833333333333333;0.041666666666666664;0.013333333333333334;99.93;0.48;0.00366
5;1.055;2.8683333333333336;0.8949999999999999;95.87666666666667;16.546666666666663;0.009179999999999999
10;1.28;9.758333333333333;0.8966666666666666;88.79833333333333;19.193333333333335;0.17921999999999996
15;5.301666666666667;33.093333333333334;11.608333333333333;49.92166666666666;68.26666666666668;0.07736
20;9.636666666666668;26.77666666666667;24.858333333333334;42.638333333333335;100.02666666666666;0.006289999999999999
25;10.156666666666666;24.583333333333332;23.221666666666664;51.27;100.0;0.00853
30;11.026666666666666;27.078333333333333;22.203333333333333;49.18833333333333;100.01333333333332;0.007019999999999999
35;11.910000000000002;29.288333333333338;22.105;46.97;99.98666666666668;0.00748
40;12.103333333333333;24.635;22.626666666666665;52.20166666666666;100.01333333333332;0.00774
45;12.795000000000002;30.761666666666667;21.69333333333333;46.248333333333335;99.98666666666668;0.0068200000000000005
50;13.625000000000002;30.30666666666667;24.245;43.839999999999996;98.75999999999999;0.13504
55;14.01;33.65333333333333;28.458333333333332;37.004999999999995;99.70666666666666;0.36502
60;14.765;61.66666666666666;14.671666666666667;22.275000000000002;69.37333333333333;0.88197
65;15.098333333333331;31.955000000000002;20.768333333333334;46.42666666666667;99.16000000000001;0.017250000000000005
70;15.523333333333333;33.5;19.463333333333335;46.12833333333333;97.89333333333333;0.008289999999999999
75;16.035;34.27;20.343333333333334;44.35333333333333;98.73333333333333;0.00779
80;16.451666666666664;33.050000000000004;19.945;46.11499999999999;99.8;0.0102
85;17.043333333333333;35.22666666666667;20.81833333333333;42.78333333333333;99.53333333333335;0.013489999999999999
90;17.59166666666667;35.605000000000004;23.078333333333333;40.181666666666665;98.41333333333334;0.15203999999999998
95;18.023333333333333;41.004999999999995;21.875;36.156666666666666;99.98666666666668;0.68922
100;18.555000000000003;38.555;20.358333333333334;40.01666666666666;100.01333333333332;0.619
105;18.94833333333333;39.18;18.85333333333333;40.96166666666667;99.98666666666668;0.48369000000000006
110;19.333333333333332;32.96666666666667;20.378333333333334;45.791666666666664;100.0;0.10181
115;19.796666666666667;33.821666666666665;21.546666666666667;43.724999999999994;100.0;0.0991
120;20.203333333333337;31.243333333333336;21.41;46.541666666666664;98.85333333333334;0.15666999999999998
125;20.474999999999998;30.963333333333335;24.243333333333336;44.050000000000004;100.0;0.177
130;20.968333333333334;35.031666666666666;21.75;42.18666666666667;100.0;0.26241000000000003
135;21.415000000000003;32.34166666666667;21.263333333333332;45.421666666666674;100.0;0.12728
140;21.721666666666664;32.475;24.72333333333333;42.04666666666667;100.0;0.26739999999999997
145;22.236666666666668;40.07833333333333;20.35833333333333;38.50333333333333;100.0;0.3837
150;22.575;32.20666666666667;21.266666666666666;45.77166666666667;100.0;0.05372
155;23.02;33.526666666666664;23.81;41.70666666666667;99.98666666666668;0.2588
160;23.496666666666666;35.515;22.174999999999997;41.33166666666666;100.0;0.32383999999999996
165;23.88666666666667;36.239999999999995;21.97333333333333;40.916666666666664;100.0;0.28487
170;24.37;33.99833333333333;21.179999999999996;43.815000000000005;100.0;0.13823000000000002
175;25.005;40.80833333333333;17.593333333333334;40.431666666666665;98.17333333333333;0.15704
180;25.3;33.961666666666666;23.814999999999998;41.43;100.01333333333332;0.36360999999999993
185;25.86;36.096666666666664;21.381666666666664;41.468333333333334;100.0;0.20992999999999995
190;26.254999999999995;34.42;21.355;43.34166666666667;100.0;0.08954
195;26.673333333333336;40.151666666666664;22.763333333333332;36.166666666666664;99.92;0.35859
200;27.238333333333333;37.23666666666667;21.06666666666667;40.623333333333335;99.96666666666665;0.34968
205;27.513333333333332;33.065000000000005;22.680000000000003;43.553333333333335;100.0;0.23070999999999997
210;27.974999999999998;33.77333333333333;21.903333333333336;43.35166666666667;100.0;0.11984
215;28.338333333333335;31.265;21.865;46.05666666666667;100.01333333333334;0.46778
220;28.694999999999997;39.35833333333333;21.786666666666665;37.986666666666665;99.98666666666666;0.33798
225;29.154999999999998;35.26333333333333;22.15833333333333;41.553333333333335;100.02666666666666;0.06561
230;29.523333333333337;34.31166666666667;23.978333333333335;40.85;99.95333333333333;0.27342
235;29.918333333333333;33.95166666666666;22.334999999999997;42.855;100.0;0.2075
240;30.345;36.108333333333334;22.69666666666667;40.26166666666666;100.01333333333334;0.42225999999999997
245;30.710000000000004;33.225;23.735;42.181666666666665;100.0;0.12553999999999998
250;31.070000000000004;35.873333333333335;22.459999999999997;40.77;99.96666666666665;0.13063
255;31.526666666666667;36.02;24.34;38.653333333333336;100.0;0.39791000000000004
260;31.805000000000003;31.988333333333333;22.213333333333335;45.02333333333333;100.0;0.26072
265;32.305;34.845;23.05333333333333;41.08333333333333;100.02666666666666;0.06437000000000001
270;32.6;30.296666666666667;24.514999999999997;44.48;100.0;0.05688
275;33.00833333333333;33.23833333333333;26.666666666666668;39.19;100.0;0.15080000000000002
280;33.44333333333333;33.33833333333333;26.553333333333338;39.19166666666667;98.96;0.11544000000000001
285;33.73;33.24166666666667;23.255;42.779999999999994;99.96;0.35748
290;34.266666666666666;42.446666666666665;21.06833333333333;35.29;100.02666666666666;0.57055
295;34.53333333333333;29.44;24.435000000000002;45.43666666666667;100.0;0.24758999999999998
300;34.99166666666667;32.29666666666667;22.37833333333333;44.27666666666667;100.01333333333332;0.10647
305;35.376666666666665;34.614999999999995;20.168333333333333;44.328333333333326;95.81333333333333;0.18057
310;35.69166666666667;31.56833333333333;24.396666666666665;43.291666666666664;100.0;0.18511000000000002
315;36.093333333333334;33.13;23.89333333333333;42.059999999999995;100.0;0.1714
320;36.425000000000004;32.58;23.81833333333333;42.78333333333334;100.0;0.15959
325;36.89166666666667;35.28;22.761666666666667;41.01166666666666;100.0;0.38514000000000004
330;37.26166666666666;34.459999999999994;21.93166666666667;42.73666666666666;99.98666666666666;0.30947
335;37.70333333333333;40.51833333333334;20.69333333333333;37.795;100.0;0.4631200000000001
340;38.18;36.25;22.761666666666667;40.025;100.01333333333332;0.21756
345;38.54833333333334;33.23833333333334;21.455000000000002;44.50666666666667;100.0;0.11986999999999999
350;38.98;35.08166666666667;20.946666666666665;43.01;100.0;0.07582999999999998
355;39.37166666666666;33.72833333333333;21.493333333333336;43.88999999999999;100.0;0.15302000000000002
360;39.775;33.77166666666667;22.441666666666666;42.91833333333333;100.0;0.17783
365;40.18666666666667;34.611666666666665;22.711666666666662;41.74;100.0;0.3481
370;40.673333333333325;37.30166666666667;20.713333333333335;40.95666666666666;100.04;0.24568
375;41.141666666666666;40.86166666666667;18.24;39.830000000000005;99.98666666666668;0.28826999999999997
380;41.60666666666667;39.92166666666667;22.153333333333332;36.97833333333333;100.01333333333332;0.27564
385;42.02333333333333;34.10333333333333;22.61833333333333;42.406666666666666;100.0;0.09704
390;42.495000000000005;35.52166666666666;22.481666666666666;41.06;100.0;0.28252999999999995
395;42.876666666666665;34.65;24.120000000000005;40.35;100.0;0.16338
400;43.28;35.83166666666667;20.005;43.28333333333333;99.98666666666668;0.17254
405;43.63833333333334;32.175000000000004;21.31;45.73500000000001;100.01333333333332;0.15875999999999998
410;44.02166666666667;35.921666666666674;20.383333333333333;42.86166666666666;100.0;0.34155
415;44.583333333333336;43.16166666666667;18.38;37.315000000000005;100.0;0.12960999999999998
420;44.958333333333336;35.251666666666665;21.175;42.711666666666666;100.0;0.23429
425;45.31166666666667;32.30166666666667;22.983333333333334;43.88999999999999;100.0;0.0659
430;45.70166666666666;34.03666666666667;22.811666666666667;42.29166666666667;100.0;0.18990999999999997
435;46.05333333333334;35.37833333333334;21.813333333333333;42.04;100.0;0.15952000000000002
440;46.51166666666666;37.32666666666667;20.888333333333332;40.836666666666666;100.0;0.29007
445;46.99166666666667;36.32333333333334;22.24333333333333;40.475;100.0;0.17216
450;47.376666666666665;36.22666666666667;23.320000000000004;39.55166666666667;100.01333333333332;0.2935
455;47.84166666666667;37.821666666666665;23.911666666666665;37.285;100.0;0.31261999999999995
460;48.22666666666667;36.748333333333335;23.828333333333333;38.53;100.0;0.29599
465;48.685;34.85999999999999;23.0;41.18666666666667;100.0;0.14337
470;49.125;35.475;20.966666666666665;42.63;100.0;1.1680199999999998
475;49.475;30.92833333333333;21.115;47.215;100.0;10.93642
480;49.95166666666666;42.181666666666665;15.799999999999997;40.946666666666665;100.0;23.150889999999997
485;50.145;18.685000000000002;11.721666666666666;69.08833333333332;85.33333333333333;20.395339999999997
490;50.32;14.743333333333334;5.925000000000001;78.74833333333332;67.30666666666667;0.17078000000000004
495;50.51166666666666;35.43833333333333;2.7383333333333333;60.71333333333334;68.45333333333333;11.80606
500;50.904999999999994;60.77833333333334;2.27;34.57833333333333;82.41333333333334;979.46541
505;51.10166666666667;18.233333333333334;1.9249999999999998;78.61166666666666;39.0;310.43073000000004
510;51.14833333333333;14.43;2.2116666666666664;82.32;36.54666666666667;339.01661
515;51.18833333333333;15.613333333333332;1.3816666666666668;81.89666666666666;24.0;375.66580000000005
520;51.23166666666666;12.065000000000003;0.6033333333333332;86.56833333333333;8.906666666666668;247.64986000000005
525;51.26;16.135;0.45999999999999996;82.395;9.293333333333333;342.04273000000006
530;51.26166666666666;11.301666666666668;0.030000000000000002;87.83833333333332;0.4266666666666666;315.96977000000004
535;51.27;14.423333333333334;0.03333333333333333;84.67500000000001;0.8533333333333334;333.5328800000001
540;51.27;15.508333333333333;0.03166666666666667;83.63000000000001;0.9866666666666669;294.20386
545;51.27166666666667;11.25;0.03666666666666666;87.86166666666668;0.9066666666666667;321.38297
550;51.291666666666664;19.176666666666666;0.035;79.58166666666666;0.8533333333333334;459.88733
555;51.291666666666664;7.140000000000001;0.065;92.38166666666667;1.0;164.00034999999997
560;51.294999999999995;17.06;0.03166666666666667;82.11333333333333;0.6533333333333334;300.98109000000005
565;51.294999999999995;10.578333333333335;0.03166666666666667;88.66333333333334;0.5599999999999999;281.09187
570;51.294999999999995;15.776666666666664;0.030000000000000002;83.10666666666667;0.6533333333333333;388.77505999999994
575;51.29166666666666;12.285000000000002;0.03;86.92166666666668;0.7200000000000001;288.26115999999996
580;51.30333333333332;14.251666666666667;0.024999999999999998;84.86333333333333;0.64;319.44164
585;51.304999999999986;12.796666666666667;0.03333333333333333;86.29833333333335;0.7466666666666667;322.65115999999995
590;51.31166666666667;13.38;0.036666666666666674;85.71166666666666;0.6;297.74756
595;51.31333333333333;14.020000000000001;0.024999999999999998;85.07666666666667;0.5066666666666667;316.71172
600;51.31;14.333333333333334;0.028333333333333335;84.80833333333334;0.4266666666666667;309.68156999999997
605;51.34166666666666;19.598333333333333;0.025000000000000005;79.20333333333333;0.52;434.13602999999995
610;51.330000000000005;10.425;0.023333333333333334;88.74333333333334;0.5066666666666667;264.15905000000004
615;51.333333333333336;13.283333333333333;0.03166666666666667;85.76833333333333;0.7066666666666667;331.15581999999995
620;51.321666666666665;14.393333333333333;0.04833333333333334;84.815;0.7333333333333334;283.65542000000005
625;51.324999999999996;12.491666666666667;0.043333333333333335;86.55499999999999;0.68;340.86041
630;51.324999999999996;7.183333333333334;0.035;92.42166666666668;0.5733333333333334;142.85992
635;51.32333333333333;0.06333333333333334;0.011666666666666667;99.89333333333333;0.4533333333333333;0.0045000000000000005
640;51.32333333333333;0.06;0.03166666666666667;99.88333333333333;0.48000000000000004;0.00542
645;51.32333333333333;0.05833333333333334;0.02;99.88666666666666;0.3333333333333333;0.00406
650;51.32333333333333;0.05166666666666667;0.018333333333333337;99.895;0.6666666666666666;0.00479
655;29.391666666666662;0.7183333333333334;0.055;96.02999999999999;0.9733333333333333;0.00855
